tree
version=v4
num_class=8
num_tree_per_iteration=8
label_index=0
max_feature_idx=39
objective=multiclass num_class:8
feature_names=p_avg_velo p_swstr_pct p_csw_pct p_zone_pct p_k_pct p_bb_pct p_pct_fastball p_pct_slider p_pct_curve p_pct_change p_pct_cutter p_whiff_fastball p_whiff_slider p_whiff_curve p_whiff_change p_whiff_cutter p_gb_rate p_fb_rate p_ld_rate b_k_pct b_bb_pct b_xba b_xslg b_avg_ev b_hard_hit_pct b_chase_rate b_whiff_pct b_barrel_pct p_throws_L b_stands_L platoon_same platoon_opposite park_factor_hr park_factor_hit temp_f wind_mph wind_out umpire_k_delta umpire_bb_delta score_diff
feature_infos=[53.083332061767578:98.348236083984375] [0:0.24637681245803833] [0.075000002980232239:0.5] [0:0.76923078298568726] [0:1] [0:0.5] [0:1] [0:0.90736043453216553] [0:0.66888046264648438] [0:0.83246076107025146] [0:0.79434448480606079] [0:0.5] [0:1] [0:1] [0:1] [0:1] [0:1] [0:0.69999998807907104] [0:0.66666668653488159] [0:1] [0:0.5] [0.053199999034404755:0.70999997854232788] [0.062399998307228088:1.2972475290298462] [25.100000381469727:99.699996948242188] [0:1] [0:0.83333331346511841] [0:1] none [0:1] [0:1] [0:1] [0:1] none none none none none none none none
tree_sizes=3153 3365 3250 3350 3151 2656 2855 3435 3366 3370 2787 3482 3365 3239 2908 3487 3475 3334 3141 3482 3153 2805 2917 3485 3474 3252 3440 3468 3004 3048 3155 3387 3487 3366 3228 3491 3040 3477 3048 3497 3370 3492 3006 3489 2715 2829 3446 3512 3483 3472 2842 3488 3255 3144 2926 3497 3472 3133 2827 3479 2735 2724 2953 3505 3476 3347 3346 3488 2700 2926 3256 3506 3476 3267 2925 3159 2713 2591 3155 3500 3470 3482 3241 3474 3335 2825 3268 3390 3483 3168 2838 3468 2723 2843 2930 3401 3158 3470 3140 3488 2718 3146 3026 3498 3510 3474 2379 3478 3474 2406 3241 3485 3487 3486 3053 3247 2732 2372 3375 3502 3478 3159 3461 3366 3374 2749 3062 3510 3481 3177 2820 3278 2518 3256 3048 3450 3373 3159 2609 3049 2628 3004 2949 3492 3486 3378 3240 3078 2625 2726 2613 3511 3386 3393 2846 3178 2615 2270 3038 3497 3480 3128 3478 3056 2156 2817 3086 3265 3499 3164 2604 2907 3483 3131 2830 3374 3175 3472 2405 3486 2521 2184 2929 2622 3371 3247 3038 3490 2078 2513 2724 3505 3263 3178 3031 3169 3354 2270 3222 3062 3273 3376 2401 2744 1653 2924 3178 3071 3180 3350 2801 2847 2580 3038 2849 2100 3182 3487 2615 2930 2822 2289 2935 2529 3378 3166 3250 2825 2838 3275 3031 3493 3262 3056 3364 2907 2956 2202 3367 3463 3159 2813 3374 2932 1646 2409 3047 2103 3157 3017 2865 2519 2614 3393 2720 3043 3158 3501 3149 2513 2719 2730 3148 3269 3239 3369 2605 2698 2075 2184 2831 2221 3476 3165 2722 3378 2617 2175 3335 2731 3147 2585 2398 3479 1660 2838 2846 3485 2949 3262 3008 2408 2934 2185 2969 3066 2634 3154 3130 2731 2501 2090 3049 2189 3371 3021 3473 3385 2086 1973 3253 2198 3497 3038 2501 3263 1879 2307 2799 2947 2614 3014 2684 2923 2496 2167 2493 3364 2816 2506 2998 2806 3437 2295 3208 3267 2717 3458 2381 3014 2508 2194 2987 3459 2598 2944 3038 2729 3138 2870 3214 3314 2692 3023 3121 2705 2488 2812 2804 3339 2829 3227 3443 2613 2470 2818 3042 3225 2038 2143 2562 2692 2795 2384 2048 2374 2940 3152 2611 2715 1756 2476 2701 2670 2724 3460 3245 2709 1861 2400 1850 2162 2710 3132 2716 2944 2932 2814 2925 2192 3031 3367 3240 2945 2792 2279 3251 2294 3031 3250 3001 3431 2819 2342 2935 3133
